Degree15_Constant  := [ 1, 2, 47, 72, 103, 104 ];
Degree15_Polynomial  := [];
Degree15_Exponential  := [ 25, 30, 31, 32, 36, 37, 38, 39, 40, 44, 45, 46, 48, 
49, 50, 51, 54, 55, 56, 57, 58, 59, 60, 64, 65, 66, 67, 68, 69, 71, 73, 74, 75, 
76, 77, 78, 79, 80, 81, 82, 83, 84, 85, 86, 87, 88, 89, 90, 91, 92, 93, 94, 95, 
96, 97, 98, 99, 100, 101, 102 ];
Degree15_ConjConstant  := [ 5, 10, 15, 20, 21, 28 ];
Degree15_ConjPolynomial  := [ 3, 4, 6, 7, 8, 11, 16, 22, 23, 24, 29 ];
Degree15_ConjExponential  := [ 9, 12, 13, 14, 17, 18, 19, 26, 27, 33, 34, 35, 
41, 42, 43, 52, 53, 61, 62, 63, 70 ];
