Degree39_Constant  := [ 1, 2, 4, 305, 306 ];
Degree39_Polynomial  := [];
Degree39_Exponential  := [ 48, 52, 53, 54, 60, 61, 62, 63, 64, 65, 74, 75, 76, 
77, 78, 79, 80, 81, 91, 92, 93, 94, 95, 96, 97, 98, 101, 102, 103, 104, 107, 
108, 109, 110, 113, 114, 115, 116, 117, 122, 123, 124, 125, 126, 127, 128, 129, 
130, 131, 132, 135, 136, 137, 138, 139, 140, 142, 143, 144, 145, 146, 147, 148, 
149, 150, 151, 152, 154, 155, 156, 157, 158, 159, 160, 161, 162, 166, 167, 168, 
169, 170, 171, 172, 173, 174, 175, 176, 177, 178, 179, 180, 183, 184, 185, 186, 
187, 189, 190, 191, 192, 193, 194, 195, 196, 197, 200, 201, 202, 203, 205, 207, 
208, 209, 214, 217, 222, 223, 224, 230, 231, 232, 233, 238, 239, 240, 241, 243, 
244, 245, 247, 251, 252, 254, 255, 260, 261, 262, 263, 264, 265, 266, 267, 268, 
269, 270, 271, 272, 273, 274, 275, 276, 277, 278, 279, 284, 286, 287, 288, 289, 
290, 291, 292, 293, 294, 295, 296, 297, 298, 299, 300, 301, 302, 303, 304 ];
Degree39_ConjConstant  := [ 43 ];
Degree39_ConjPolynomial  := [ 3, 5, 6, 7, 8, 9, 10, 11, 12, 13, 14, 15, 17, 18, 
19, 23, 55, 72, 253, 256, 257, 258, 259 ];
Degree39_ConjExponential  := [ 16, 20, 21, 22, 24, 25, 26, 27, 28, 29, 30, 31, 
32, 33, 34, 35, 36, 37, 38, 39, 40, 41, 42, 44, 45, 46, 47, 49, 50, 51, 56, 57, 
58, 59, 66, 67, 68, 69, 70, 71, 73, 82, 83, 84, 85, 86, 87, 88, 89, 90, 99, 100,
105, 106, 111, 112, 118, 119, 120, 121, 133, 134, 141, 153, 163, 164, 165, 181, 
182, 188, 198, 199, 204, 206, 210, 211, 212, 213, 215, 216, 218, 219, 220, 221, 
225, 226, 227, 228, 229, 234, 235, 236, 237, 242, 246, 248, 249, 250, 280, 281, 
282, 283, 285 ];
