Degree25_Constant  := [ 1, 2, 4, 5, 6, 8, 9, 10, 15, 16, 17, 20, 21, 26, 27, 28,
30, 31, 41, 43, 45, 47, 50, 56, 57, 65, 74, 81, 90, 210, 211 ];
Degree25_Polynomial  := [];
Degree25_Exponential  := [ 102, 107, 108, 109, 112, 113, 114, 115, 116, 117, 
118, 122, 123, 124, 128, 129, 130, 132, 133, 134, 135, 136, 137, 138, 139, 140, 
141, 142, 143, 144, 145, 146, 147, 148, 149, 150, 151, 152, 153, 154, 155, 156, 
157, 158, 159, 160, 161, 162, 163, 164, 165, 166, 167, 168, 169, 170, 171, 172, 
173, 174, 175, 176, 177, 178, 179, 180, 181, 182, 183, 184, 185, 186, 187, 188, 
189, 190, 191, 192, 193, 194, 195, 196, 197, 198, 199, 200, 201, 202, 203, 204, 
205, 206, 207, 208, 209 ];
Degree25_ConjConstant  := [ 88, 100, 101, 106 ];
Degree25_ConjPolynomial  := [ 3, 7, 11, 12, 18, 19, 29, 32, 42, 44, 46, 54, 55, 
58, 64, 77, 86, 87, 99 ];
Degree25_ConjExponential  := [ 13, 14, 22, 23, 24, 25, 33, 34, 35, 36, 37, 38, 
39, 40, 48, 49, 51, 52, 53, 59, 60, 61, 62, 63, 66, 67, 68, 69, 70, 71, 72, 73, 
75, 76, 78, 79, 80, 82, 83, 84, 85, 89, 91, 92, 93, 94, 95, 96, 97, 98, 103, 
104, 105, 110, 111, 119, 120, 121, 125, 126, 127, 131 ];
