Degree33_Constant  := [ 1, 3, 40, 55, 161, 162 ];
Degree33_Polynomial  := [];
Degree33_Exponential  := [ 23, 26, 27, 28, 31, 32, 34, 37, 38, 39, 41, 42, 43, 
46, 47, 48, 50, 51, 52, 53, 56, 57, 58, 59, 61, 62, 64, 66, 67, 68, 70, 71, 72, 
76, 78, 79, 80, 84, 85, 86, 87, 88, 89, 94, 95, 96, 99, 100, 101, 102, 106, 110,
113, 115, 116, 117, 118, 119, 120, 121, 122, 123, 124, 125, 126, 127, 128, 129, 
130, 131, 133, 134, 138, 139, 140, 142, 143, 144, 145, 146, 147, 148, 149, 150, 
151, 152, 153, 154, 155, 156, 157, 158, 159, 160 ];
Degree33_ConjConstant  := [];
Degree33_ConjPolynomial  := [ 2, 4, 5, 6, 7, 8, 9, 11, 17, 22, 35, 45, 104, 107,
108, 109, 111 ];
Degree33_ConjExponential  := [ 10, 12, 13, 14, 15, 16, 18, 19, 20, 21, 24, 25, 
29, 30, 33, 36, 44, 49, 54, 60, 63, 65, 69, 73, 74, 75, 77, 81, 82, 83, 90, 91, 
92, 93, 97, 98, 103, 105, 112, 114, 132, 135, 136, 137, 141 ];
