Degree21_Constant  := [ 1, 2, 5, 33, 67, 85, 91, 103, 163, 164 ];
Degree21_Polynomial  := [];
Degree21_Exponential  := [ 28, 30, 31, 32, 34, 35, 36, 37, 40, 41, 42, 43, 45, 
46, 47, 48, 49, 53, 54, 55, 61, 62, 63, 64, 65, 66, 69, 70, 71, 72, 73, 75, 76, 
80, 82, 83, 84, 86, 87, 88, 89, 90, 93, 94, 95, 96, 97, 98, 99, 100, 101, 102, 
105, 106, 107, 108, 109, 110, 112, 113, 114, 115, 116, 117, 118, 119, 120, 122, 
123, 124, 125, 126, 127, 131, 132, 133, 134, 135, 136, 137, 139, 140, 141, 142, 
143, 144, 145, 146, 147, 148, 149, 150, 151, 152, 153, 154, 155, 156, 157, 158, 
159, 160, 161, 162 ];
Degree21_ConjConstant  := [ 14, 20, 38 ];
Degree21_ConjPolynomial  := [ 3, 4, 6, 7, 8, 9, 10, 11, 15, 22, 27, 44, 56, 57, 
58, 74 ];
Degree21_ConjExponential  := [ 12, 13, 16, 17, 18, 19, 21, 23, 24, 25, 26, 29, 
39, 50, 51, 52, 59, 60, 68, 77, 78, 79, 81, 92, 104, 111, 121, 128, 129, 130, 
138 ];
