Degree34_Constant  := [ 1, 2, 114, 115 ];
Degree34_Polynomial  := [ 3, 4 ];
Degree34_Exponential  := [ 10, 11, 12, 13, 14, 15, 16, 17, 19, 20, 21, 22, 23, 
24, 25, 26, 32, 33, 34, 35, 36, 37, 38, 39, 40, 41, 42, 48, 49, 50, 51, 52, 53, 
54, 55, 60, 61, 62, 63, 64, 66, 67, 68, 69, 70, 71, 72, 73, 76, 79, 82, 83, 84, 
85, 86, 87, 88, 89, 90, 91, 92, 94, 95, 98, 101, 106, 109, 110, 111, 112, 113 ];
Degree34_ConjConstant  := [];
Degree34_ConjPolynomial  := [ 5, 6, 7, 8, 9, 27, 28, 43, 44, 56, 102, 103, 104 
];
Degree34_ConjExponential  := [ 18, 29, 30, 31, 45, 46, 47, 57, 58, 59, 65, 74, 
75, 77, 78, 80, 81, 93, 96, 97, 99, 100, 105, 107, 108 ];
